s 3 123
s 5 200
s 6 100
s 7 193
s 8 140
s 9 62
1 2 105
1 3 117
1 4 84
1 6 72
1 7 138
1 9 163
2 1 105
2 3 160
2 5 178
2 9 61
3 1 117
3 2 160
3 4 191
3 5 192
3 6 39
3 7 52
3 9 181
4 1 84
4 3 191
4 5 67
4 7 44
4 8 77
4 9 196
5 2 178
5 3 192
5 4 67
5 6 108
5 7 119
5 8 35
6 1 72
6 3 39
6 5 108
6 7 151
6 8 68
6 9 115
7 1 138
7 3 52
7 4 44
7 5 119
7 6 151
7 8 125
7 9 135
8 4 77
8 5 35
8 6 68
8 7 125
8 9 148
1 t 163
2 t 61
3 t 181
4 t 196
6 t 115
7 t 135
8 t 148
