s 1 190
s 2 131
s 4 147
s 5 88
s 6 45
s 7 85
s 8 33
s 9 95
s 10 149
s 11 67
s 12 79
s 13 92
s 14 178
s 16 66
s 17 60
s 18 153
s 19 180
s 20 119
s 24 140
s 25 45
s 27 140
s 28 60
s 35 186
s 36 127
s 37 164
s 39 58
s 41 198
s 43 185
s 44 100
s 47 101
s 48 29
s 49 100
1 3 45
1 4 97
1 5 112
1 6 98
1 9 146
1 10 65
1 12 47
1 13 41
1 14 49
1 15 65
1 17 28
1 18 96
1 21 103
1 22 110
1 23 195
1 24 37
1 25 151
1 26 57
1 27 106
1 28 151
1 29 158
1 30 138
1 31 126
1 32 99
1 33 68
1 34 56
1 35 118
1 38 59
1 39 52
1 40 107
1 41 60
1 42 139
1 43 66
1 44 147
1 45 98
1 47 62
1 48 31
1 49 195
2 3 65
2 4 32
2 7 38
2 8 132
2 9 130
2 10 182
2 11 107
2 12 105
2 13 44
2 15 116
2 17 152
2 18 143
2 19 94
2 20 178
2 21 151
2 22 59
2 23 76
2 26 61
2 27 159
2 28 56
2 30 142
2 31 141
2 32 51
2 33 173
2 34 190
2 36 101
2 37 114
2 39 41
2 41 112
2 42 184
2 43 137
2 44 106
2 45 151
2 48 108
2 49 95
3 1 45
3 2 65
3 4 25
3 5 88
3 6 165
3 9 153
3 10 35
3 11 121
3 15 75
3 16 49
3 18 130
3 19 111
3 20 67
3 27 148
3 28 63
3 29 38
3 30 82
3 31 125
3 32 117
3 33 149
3 34 184
3 35 62
3 36 54
3 39 186
3 40 44
3 41 71
3 42 71
3 43 98
3 44 137
3 45 113
3 46 157
3 47 151
3 48 78
3 49 191
4 1 97
4 2 32
4 3 25
4 5 32
4 6 123
4 8 129
4 9 87
4 10 177
4 12 158
4 13 79
4 14 51
4 15 97
4 17 133
4 19 107
4 20 101
4 21 45
4 22 55
4 23 170
4 24 200
4 26 136
4 31 124
4 32 199
4 33 148
4 35 138
4 36 67
4 37 97
4 39 121
4 41 45
4 42 40
4 43 55
4 44 200
4 45 72
4 46 46
4 47 112
4 48 76
5 1 112
5 3 88
5 4 32
5 6 88
5 8 133
5 10 127
5 11 185
5 13 179
5 14 185
5 16 69
5 18 155
5 20 151
5 22 149
5 23 56
5 24 167
5 25 25
5 26 43
5 27 114
5 28 54
5 29 159
5 30 165
5 32 61
5 33 45
5 34 76
5 35 50
5 39 101
5 40 88
5 42 41
5 43 40
5 44 120
5 46 194
5 47 61
5 48 76
6 1 98
6 3 165
6 4 123
6 5 88
6 8 124
6 9 84
6 10 191
6 11 174
6 12 125
6 14 156
6 17 192
6 19 91
6 20 118
6 22 98
6 24 171
6 25 190
6 26 82
6 27 171
6 28 113
6 29 114
6 30 89
6 31 139
6 32 122
6 33 66
6 35 54
6 36 196
6 38 188
6 39 35
6 41 178
6 42 59
6 43 180
6 44 173
6 45 134
6 46 173
6 47 159
6 49 36
7 2 38
7 8 93
7 9 62
7 10 54
7 11 38
7 13 157
7 14 141
7 15 178
7 17 144
7 18 177
7 19 152
7 20 154
7 22 179
7 23 136
7 24 132
7 25 122
7 26 92
7 27 145
7 31 164
7 32 28
7 33 26
7 34 156
7 36 194
7 37 195
7 38 146
7 39 165
7 41 66
7 42 83
7 43 195
7 44 139
7 45 72
7 46 29
7 47 45
7 49 136
8 2 132
8 4 129
8 5 133
8 6 124
8 7 93
8 9 91
8 10 190
8 12 114
8 13 135
8 16 32
8 18 70
8 19 146
8 20 57
8 21 65
8 22 96
8 24 100
8 25 61
8 26 58
8 29 87
8 30 169
8 32 140
8 33 47
8 34 58
8 35 135
8 36 68
8 38 163
8 42 87
8 43 118
8 44 144
8 45 58
8 47 169
8 48 126
8 49 113
9 1 146
9 2 130
9 3 153
9 4 87
9 6 84
9 7 62
9 8 91
9 11 108
9 13 32
9 14 25
9 15 107
9 16 86
9 17 133
9 18 115
9 19 52
9 20 31
9 22 131
9 23 130
9 24 143
9 26 159
9 27 83
9 29 73
9 31 200
9 33 39
9 36 133
9 37 161
9 38 139
9 39 83
9 40 88
9 41 70
9 42 26
9 43 48
9 44 128
9 45 79
9 46 83
9 47 80
9 48 165
10 1 65
10 2 182
10 3 35
10 4 177
10 5 127
10 6 191
10 7 54
10 8 190
10 11 69
10 13 65
10 16 73
10 17 80
10 20 179
10 23 111
10 25 52
10 26 99
10 27 84
10 28 166
10 30 110
10 31 73
10 32 140
10 33 80
10 34 28
10 36 81
10 37 50
10 38 35
10 39 66
10 42 120
10 43 36
10 45 191
10 47 184
10 48 105
11 2 107
11 3 121
11 5 185
11 6 174
11 7 38
11 9 108
11 10 69
11 12 152
11 14 139
11 15 141
11 16 44
11 18 82
11 19 173
11 20 39
11 21 192
11 22 111
11 23 114
11 24 167
11 25 184
11 26 105
11 27 28
11 28 152
11 30 85
11 32 79
11 34 173
11 35 151
11 36 76
11 37 101
11 39 46
11 40 48
11 42 199
11 43 184
11 44 91
11 45 31
11 46 143
11 47 169
11 48 144
11 49 104
12 1 47
12 2 105
12 4 158
12 6 125
12 8 114
12 11 152
12 13 136
12 14 92
12 15 103
12 19 127
12 20 154
12 22 159
12 23 78
12 25 190
12 26 155
12 27 150
12 28 191
12 29 44
12 30 51
12 31 55
12 32 188
12 33 91
12 34 162
12 35 139
12 36 198
12 37 150
12 38 136
12 39 33
12 41 115
12 42 27
12 43 25
12 44 113
12 45 101
12 46 149
12 47 73
13 1 41
13 2 44
13 4 79
13 5 179
13 7 157
13 8 135
13 9 32
13 10 65
13 12 136
13 14 139
13 16 36
13 17 61
13 18 45
13 19 98
13 22 57
13 24 133
13 26 26
13 28 44
13 29 83
13 30 95
13 31 179
13 32 58
13 33 171
13 34 86
13 35 127
13 36 64
13 37 27
13 38 198
13 39 189
13 40 29
13 42 44
13 45 192
13 46 77
13 48 91
14 1 49
14 4 51
14 5 185
14 6 156
14 7 141
14 9 25
14 11 139
14 12 92
14 13 139
14 15 27
14 16 199
14 17 154
14 18 35
14 19 99
14 20 154
14 22 176
14 25 138
14 27 104
14 30 25
14 31 149
14 32 153
14 34 59
14 36 158
14 37 144
14 38 178
14 39 150
14 40 125
14 41 155
14 43 175
14 45 97
14 46 110
14 48 194
14 49 195
15 1 65
15 2 116
15 3 75
15 4 97
15 7 178
15 9 107
15 11 141
15 12 103
15 14 27
15 16 150
15 18 95
15 20 60
15 24 130
15 25 50
15 27 111
15 28 53
15 31 92
15 32 118
15 33 171
15 34 34
15 35 46
15 36 122
15 37 54
15 38 40
15 39 176
15 40 154
15 41 35
15 43 187
15 44 152
15 45 68
15 46 135
15 47 89
15 48 159
16 3 49
16 5 69
16 8 32
16 9 86
16 10 73
16 11 44
16 13 36
16 14 199
16 15 150
16 17 191
16 18 197
16 19 85
16 20 67
16 23 48
16 24 145
16 25 66
16 26 105
16 27 66
16 29 175
16 30 118
16 35 152
16 36 64
16 37 164
16 38 141
16 39 181
16 40 158
16 42 174
16 43 109
16 44 104
16 46 176
16 47 34
16 48 143
16 49 192
17 1 28
17 2 152
17 4 133
17 6 192
17 7 144
17 9 133
17 10 80
17 13 61
17 14 154
17 16 191
17 19 158
17 20 148
17 21 27
17 22 60
17 23 28
17 24 121
17 25 199
17 27 68
17 29 179
17 30 146
17 31 129
17 32 54
17 33 176
17 34 27
17 36 153
17 37 85
17 38 38
17 39 136
17 40 99
17 42 124
17 43 177
17 44 186
17 45 157
17 47 67
18 1 96
18 2 143
18 3 130
18 5 155
18 7 177
18 8 70
18 9 115
18 11 82
18 13 45
18 14 35
18 15 95
18 16 197
18 19 174
18 20 27
18 21 102
18 22 193
18 24 44
18 28 48
18 29 93
18 32 169
18 33 94
18 34 114
18 35 131
18 37 68
18 38 110
18 40 121
18 42 126
18 43 59
18 44 57
18 45 96
18 48 198
18 49 97
19 2 94
19 3 111
19 4 107
19 6 91
19 7 152
19 8 146
19 9 52
19 11 173
19 12 127
19 13 98
19 14 99
19 16 85
19 17 158
19 18 174
19 22 145
19 23 91
19 24 90
19 25 149
19 26 178
19 27 115
19 28 199
19 29 196
19 30 137
19 31 78
19 33 67
19 35 72
19 36 87
19 37 165
19 38 50
19 39 197
19 40 100
19 41 57
19 42 90
19 43 31
19 44 159
19 45 174
19 46 169
19 47 158
19 49 110
20 2 178
20 3 67
20 4 101
20 5 151
20 6 118
20 7 154
20 8 57
20 9 31
20 10 179
20 11 39
20 12 154
20 14 154
20 15 60
20 16 67
20 17 148
20 18 27
20 21 142
20 22 85
20 27 122
20 31 172
20 32 62
20 34 168
20 35 71
20 36 142
20 38 136
20 39 50
20 40 54
20 41 82
20 42 32
20 43 43
20 44 141
20 45 128
20 46 109
20 48 184
20 49 179
21 1 103
21 2 151
21 4 45
21 8 65
21 11 192
21 17 27
21 18 102
21 20 142
21 22 118
21 23 74
21 24 79
21 26 98
21 27 195
21 28 122
21 29 38
21 30 179
21 31 36
21 34 96
21 35 189
21 37 195
21 38 176
21 39 178
21 40 157
21 41 86
21 43 118
21 44 154
21 46 58
21 47 102
21 48 123
21 49 144
22 1 110
22 2 59
22 4 55
22 5 149
22 6 98
22 7 179
22 8 96
22 9 131
22 11 111
22 12 159
22 13 57
22 14 176
22 17 60
22 18 193
22 19 145
22 20 85
22 21 118
22 23 198
22 24 79
22 26 142
22 27 142
22 28 77
22 29 164
22 31 90
22 32 177
22 33 141
22 34 78
22 35 77
22 36 77
22 39 63
22 40 32
22 44 25
22 45 82
22 47 185
22 48 57
22 49 70
23 1 195
23 2 76
23 4 170
23 5 56
23 7 136
23 9 130
23 10 111
23 11 114
23 12 78
23 16 48
23 17 28
23 19 91
23 21 74
23 22 198
23 24 37
23 28 108
23 29 45
23 30 53
23 32 123
23 33 185
23 35 146
23 36 132
23 37 162
23 39 41
23 40 109
23 42 169
23 44 129
23 45 192
23 46 87
23 47 40
24 1 37
24 4 200
24 5 167
24 6 171
24 7 132
24 8 100
24 9 143
24 11 167
24 13 133
24 15 130
24 16 145
24 17 121
24 18 44
24 19 90
24 21 79
24 22 79
24 23 37
24 25 159
24 26 193
24 29 78
24 31 96
24 32 88
24 33 154
24 36 183
24 37 91
24 38 80
24 39 160
24 40 124
24 41 167
24 44 173
24 46 130
24 49 139
25 1 151
25 5 25
25 6 190
25 7 122
25 8 61
25 10 52
25 11 184
25 12 190
25 14 138
25 15 50
25 16 66
25 17 199
25 19 149
25 24 159
25 28 133
25 29 152
25 30 130
25 31 140
25 33 105
25 34 79
25 36 114
25 37 154
25 39 178
25 40 101
25 41 75
25 42 52
25 43 154
25 44 25
25 45 36
25 46 51
25 48 74
25 49 54
26 1 57
26 2 61
26 4 136
26 5 43
26 6 82
26 7 92
26 8 58
26 9 159
26 10 99
26 11 105
26 12 155
26 13 26
26 16 105
26 19 178
26 21 98
26 22 142
26 24 193
26 27 71
26 28 62
26 30 170
26 31 109
26 33 182
26 34 104
26 36 57
26 37 51
26 38 118
26 42 43
26 43 64
26 47 186
26 49 31
27 1 106
27 2 159
27 3 148
27 5 114
27 6 171
27 7 145
27 9 83
27 10 84
27 11 28
27 12 150
27 14 104
27 15 111
27 16 66
27 17 68
27 19 115
27 20 122
27 21 195
27 22 142
27 26 71
27 28 145
27 29 105
27 31 116
27 33 146
27 34 64
27 35 103
27 36 119
27 37 198
27 38 62
27 39 48
27 40 32
27 41 124
27 42 102
27 43 105
27 44 116
27 46 144
27 47 142
27 48 197
27 49 57
28 1 151
28 2 56
28 3 63
28 5 54
28 6 113
28 10 166
28 11 152
28 12 191
28 13 44
28 15 53
28 18 48
28 19 199
28 21 122
28 22 77
28 23 108
28 25 133
28 26 62
28 27 145
28 29 128
28 30 58
28 31 153
28 33 176
28 34 33
28 35 194
28 36 105
28 37 73
28 38 61
28 39 192
28 40 46
28 41 157
28 42 175
28 43 31
28 44 80
28 45 164
28 46 71
28 47 94
28 48 142
28 49 96
29 1 158
29 3 38
29 5 159
29 6 114
29 8 87
29 9 73
29 12 44
29 13 83
29 16 175
29 17 179
29 18 93
29 19 196
29 21 38
29 22 164
29 23 45
29 24 78
29 25 152
29 27 105
29 28 128
29 30 79
29 31 158
29 32 117
29 33 95
29 34 49
29 35 162
29 37 126
29 38 185
29 39 105
29 41 37
29 42 118
29 43 70
29 44 104
29 45 82
29 46 105
29 47 104
29 48 163
29 49 133
30 1 138
30 2 142
30 3 82
30 5 165
30 6 89
30 8 169
30 10 110
30 11 85
30 12 51
30 13 95
30 14 25
30 16 118
30 17 146
30 19 137
30 21 179
30 23 53
30 25 130
30 26 170
30 28 58
30 29 79
30 31 80
30 32 187
30 33 197
30 34 165
30 35 93
30 37 35
30 38 46
30 44 56
30 45 138
30 46 181
30 47 113
30 49 38
31 1 126
31 2 141
31 3 125
31 4 124
31 6 139
31 7 164
31 9 200
31 10 73
31 12 55
31 13 179
31 14 149
31 15 92
31 17 129
31 19 78
31 20 172
31 21 36
31 22 90
31 24 96
31 25 140
31 26 109
31 27 116
31 28 153
31 29 158
31 30 80
31 32 102
31 33 90
31 35 167
31 37 58
31 39 120
31 40 37
31 42 52
31 46 198
31 47 149
31 48 179
31 49 49
32 1 99
32 2 51
32 3 117
32 4 199
32 5 61
32 6 122
32 7 28
32 8 140
32 10 140
32 11 79
32 12 188
32 13 58
32 14 153
32 15 118
32 17 54
32 18 169
32 20 62
32 22 177
32 23 123
32 24 88
32 29 117
32 30 187
32 31 102
32 33 167
32 34 190
32 37 44
32 38 167
32 39 170
32 40 188
32 41 178
32 42 161
32 44 126
32 46 158
32 47 190
33 1 68
33 2 173
33 3 149
33 4 148
33 5 45
33 6 66
33 7 26
33 8 47
33 9 39
33 10 80
33 12 91
33 13 171
33 15 171
33 17 176
33 18 94
33 19 67
33 22 141
33 23 185
33 24 154
33 25 105
33 26 182
33 27 146
33 28 176
33 29 95
33 30 197
33 31 90
33 32 167
33 35 118
33 37 159
33 38 43
33 39 43
33 40 128
33 41 58
33 44 170
33 45 55
33 46 96
33 48 144
33 49 76
34 1 56
34 2 190
34 3 184
34 5 76
34 7 156
34 8 58
34 10 28
34 11 173
34 12 162
34 13 86
34 14 59
34 15 34
34 17 27
34 18 114
34 20 168
34 21 96
34 22 78
34 25 79
34 26 104
34 27 64
34 28 33
34 29 49
34 30 165
34 32 190
34 35 37
34 36 122
34 37 131
34 38 44
34 40 42
34 42 129
34 43 28
34 44 101
34 45 58
34 47 37
35 1 118
35 3 62
35 4 138
35 5 50
35 6 54
35 8 135
35 11 151
35 12 139
35 13 127
35 15 46
35 16 152
35 18 131
35 19 72
35 20 71
35 21 189
35 22 77
35 23 146
35 27 103
35 28 194
35 29 162
35 30 93
35 31 167
35 33 118
35 34 37
35 37 30
35 38 106
35 39 192
35 40 51
35 43 181
35 44 142
35 45 45
35 46 114
35 47 184
35 48 96
35 49 154
36 2 101
36 3 54
36 4 67
36 6 196
36 7 194
36 8 68
36 9 133
36 10 81
36 11 76
36 12 198
36 13 64
36 14 158
36 15 122
36 16 64
36 17 153
36 19 87
36 20 142
36 22 77
36 23 132
36 24 183
36 25 114
36 26 57
36 27 119
36 28 105
36 34 122
36 37 77
36 39 92
36 40 76
36 41 178
36 42 57
36 43 98
36 46 73
36 47 72
36 48 97
36 49 120
37 2 114
37 4 97
37 7 195
37 9 161
37 10 50
37 11 101
37 12 150
37 13 27
37 14 144
37 15 54
37 16 164
37 17 85
37 18 68
37 19 165
37 21 195
37 23 162
37 24 91
37 25 154
37 26 51
37 27 198
37 28 73
37 29 126
37 30 35
37 31 58
37 32 44
37 33 159
37 34 131
37 35 30
37 36 77
37 38 91
37 39 70
37 40 124
37 45 188
37 46 120
37 47 39
37 48 168
37 49 147
38 1 59
38 6 188
38 7 146
38 8 163
38 9 139
38 10 35
38 12 136
38 13 198
38 14 178
38 15 40
38 16 141
38 17 38
38 18 110
38 19 50
38 20 136
38 21 176
38 24 80
38 26 118
38 27 62
38 28 61
38 29 185
38 30 46
38 32 167
38 33 43
38 34 44
38 35 106
38 37 91
38 39 141
38 40 53
38 41 155
38 42 193
38 43 156
38 46 33
38 47 126
39 1 52
39 2 41
39 3 186
39 4 121
39 5 101
39 6 35
39 7 165
39 9 83
39 10 66
39 11 46
39 12 33
39 13 189
39 14 150
39 15 176
39 16 181
39 17 136
39 19 197
39 20 50
39 21 178
39 22 63
39 23 41
39 24 160
39 25 178
39 27 48
39 28 192
39 29 105
39 31 120
39 32 170
39 33 43
39 35 192
39 36 92
39 37 70
39 38 141
39 42 49
39 43 81
39 44 147
39 45 50
39 47 114
39 48 103
40 1 107
40 3 44
40 5 88
40 9 88
40 11 48
40 13 29
40 14 125
40 15 154
40 16 158
40 17 99
40 18 121
40 19 100
40 20 54
40 21 157
40 22 32
40 23 109
40 24 124
40 25 101
40 27 32
40 28 46
40 31 37
40 32 188
40 33 128
40 34 42
40 35 51
40 36 76
40 37 124
40 38 53
40 41 174
40 42 154
40 43 182
40 44 107
40 45 168
40 46 45
40 47 32
40 49 126
41 1 60
41 2 112
41 3 71
41 4 45
41 6 178
41 7 66
41 9 70
41 12 115
41 14 155
41 15 35
41 19 57
41 20 82
41 21 86
41 24 167
41 25 75
41 27 124
41 28 157
41 29 37
41 32 178
41 33 58
41 36 178
41 38 155
41 40 174
41 43 77
41 44 90
41 45 113
41 47 102
41 48 107
41 49 60
42 1 139
42 2 184
42 3 71
42 4 40
42 5 41
42 6 59
42 7 83
42 8 87
42 9 26
42 10 120
42 11 199
42 12 27
42 13 44
42 16 174
42 17 124
42 18 126
42 19 90
42 20 32
42 23 169
42 25 52
42 26 43
42 27 102
42 28 175
42 29 118
42 31 52
42 32 161
42 34 129
42 36 57
42 38 193
42 39 49
42 40 154
42 44 154
42 45 134
42 46 173
42 47 42
43 1 66
43 2 137
43 3 98
43 4 55
43 5 40
43 6 180
43 7 195
43 8 118
43 9 48
43 10 36
43 11 184
43 12 25
43 14 175
43 15 187
43 16 109
43 17 177
43 18 59
43 19 31
43 20 43
43 21 118
43 25 154
43 26 64
43 27 105
43 28 31
43 29 70
43 34 28
43 35 181
43 36 98
43 38 156
43 39 81
43 40 182
43 41 77
43 44 125
43 46 165
43 48 30
44 1 147
44 2 106
44 3 137
44 4 200
44 5 120
44 6 173
44 7 139
44 8 144
44 9 128
44 11 91
44 12 113
44 15 152
44 16 104
44 17 186
44 18 57
44 19 159
44 20 141
44 21 154
44 22 25
44 23 129
44 24 173
44 25 25
44 27 116
44 28 80
44 29 104
44 30 56
44 32 126
44 33 170
44 34 101
44 35 142
44 39 147
44 40 107
44 41 90
44 42 154
44 43 125
44 45 55
44 46 74
44 47 48
44 48 160
45 1 98
45 2 151
45 3 113
45 4 72
45 6 134
45 7 72
45 8 58
45 9 79
45 10 191
45 11 31
45 12 101
45 13 192
45 14 97
45 15 68
45 17 157
45 18 96
45 19 174
45 20 128
45 22 82
45 23 192
45 25 36
45 28 164
45 29 82
45 30 138
45 33 55
45 34 58
45 35 45
45 37 188
45 39 50
45 40 168
45 41 113
45 42 134
45 44 55
45 46 31
45 47 127
45 48 194
45 49 185
46 3 157
46 4 46
46 5 194
46 6 173
46 7 29
46 9 83
46 11 143
46 12 149
46 13 77
46 14 110
46 15 135
46 16 176
46 19 169
46 20 109
46 21 58
46 23 87
46 24 130
46 25 51
46 27 144
46 28 71
46 29 105
46 30 181
46 31 198
46 32 158
46 33 96
46 35 114
46 36 73
46 37 120
46 38 33
46 40 45
46 42 173
46 43 165
46 44 74
46 45 31
46 48 189
46 49 191
47 1 62
47 3 151
47 4 112
47 5 61
47 6 159
47 7 45
47 8 169
47 9 80
47 10 184
47 11 169
47 12 73
47 15 89
47 16 34
47 17 67
47 19 158
47 21 102
47 22 185
47 23 40
47 26 186
47 27 142
47 28 94
47 29 104
47 30 113
47 31 149
47 32 190
47 34 37
47 35 184
47 36 72
47 37 39
47 38 126
47 39 114
47 40 32
47 41 102
47 42 42
47 44 48
47 45 127
48 1 31
48 2 108
48 3 78
48 4 76
48 5 76
48 8 126
48 9 165
48 10 105
48 11 144
48 13 91
48 14 194
48 15 159
48 16 143
48 18 198
48 20 184
48 21 123
48 22 57
48 25 74
48 27 197
48 28 142
48 29 163
48 31 179
48 33 144
48 35 96
48 36 97
48 37 168
48 39 103
48 41 107
48 43 30
48 44 160
48 45 194
48 46 189
48 49 120
1 t 195
2 t 95
3 t 191
6 t 36
7 t 136
8 t 113
11 t 104
14 t 195
16 t 192
18 t 97
19 t 110
20 t 179
21 t 144
22 t 70
24 t 139
25 t 54
26 t 31
27 t 57
28 t 96
29 t 133
30 t 38
31 t 49
33 t 76
35 t 154
36 t 120
37 t 147
40 t 126
41 t 60
45 t 185
46 t 191
48 t 120
